"Player","Team","Position","Goals","Total Assists","Total Points","GP"
"Zdeno Chara","WSH","D",2,6,8,28
"Joe Thornton","TOR","C",3,9,12,18
"Patrick Marleau","S.J","C",1,4,5,26
"Jason Spezza","TOR","C",5,11,16,29
"Mikko Koivu","CBJ","C",1,1,2,7
"Valtteri Filppula","DET","C",2,3,5,20
"Frans Nielsen","DET","C",1,4,5,21
"Duncan Keith","CHI","D",1,10,11,30
"Eric Staal","BUF","C",3,7,10,27
"Ryan Suter","MIN","D",0,8,8,26
"Braydon Coburn","OTT","D",0,1,1,11
"Jeff Carter","L.A","C",5,9,14,27
"Dustin Brown","L.A","R",13,6,19,26
"Zach Parise","MIN","L",3,9,12,25
"Ryan Getzlaf","ANA","C",3,8,11,27
"Brent Burns","S.J","D",5,10,15,26
"Corey Perry","MTL","R",5,5,10,21
"Loui Eriksson","VAN","L",0,1,1,7
"Patrice Bergeron","BOS","C",10,14,24,26
"Shea Weber","MTL","D",5,7,12,28
"David Backes","ANA","R",2,0,2,10
"Brad Richardson","NSH","R",1,2,3,12
"Nate Thompson","WPG","C",1,0,1,16
"Joe Pavelski","DAL","C",14,11,25,24
"Mark Giordano","CGY","D",3,10,13,29
"Alex Ovechkin","WSH","L",11,10,21,24
"Evgeni Malkin","PIT","C",8,16,24,28
"Blake Wheeler","WPG","R",7,18,25,28
"Alexander Radulov","DAL","R",3,8,11,9
"Travis Zajac","N.J","C",2,7,9,21
"Blake Comeau","DAL","L",1,5,6,20
"Carl Soderberg","CHI","C",5,7,12,25
"Alex Goligoski","ARI","D",0,2,2,28
"David Krejci","BOS","C",1,12,13,22
"Andrej Sekera","DAL","D",1,1,2,18
"Alexander Edler","VAN","D",0,6,6,31
"Paul Stastny","WPG","C",9,8,17,28
"Sidney Crosby","PIT","C",11,18,29,27
"Bobby Ryan","DET","R",6,7,13,28
"Jack Johnson","NYR","D",1,0,1,13
"Anze Kopitar","L.A","C",7,25,32,27
"Marc Staal","DET","D",2,2,4,29
"T.J. Oshie","WSH","R",6,13,19,27
"Andrew Cogliano","DAL","C",3,4,7,24
"James Neal","EDM","L",3,3,6,17
"Marc-Edouard Vlasic","S.J","D",1,3,4,26
"Kris Letang","PIT","D",5,15,20,27
"Kris Russell","EDM","D",0,6,6,20
"Keith Yandle","FLA","D",3,15,18,28
"Niklas Hjalmarsson","ARI","D",0,4,4,25
"Darren Helm","DET","L",1,2,3,20
"Nathan Gerbe","CBJ","C",0,1,1,1
"Ryan Reaves","VGK","R",0,2,2,26
"Anton Stralman","FLA","D",2,6,8,24
"Patric Hornqvist","FLA","R",11,12,23,28
"Andy Greene","NYI","D",0,2,2,29
"Alex Biega","DET","D",0,0,0,3
"Brad Marchand","BOS","L",12,20,32,26
"Nick Foligno","CBJ","L",5,7,12,30
"Erik Johnson","COL","D",0,1,1,4
"Kyle Okposo","BUF","R",0,3,3,22
"Trevor Lewis","WPG","C",1,2,3,28
"Leo Komarov","NYI","R",0,2,2,14
"Milan Lucic","CGY","L",6,5,11,29
"Cal Clutterbuck","NYI","R",3,5,8,27
"Jeff Petry","MTL","D",11,14,25,28
"Claude Giroux","PHI","C",6,15,21,24
"Jordan Staal","CAR","C",10,12,22,25
"Derick Brassard","ARI","C",4,6,10,28
"Phil Kessel","ARI","R",9,9,18,28
"Nicklas Backstrom","WSH","C",11,20,31,28
"Artem Anisimov","OTT","C",2,2,4,14
"Mathieu Perreault","WPG","L",6,5,11,28
"Alex Killorn","T.B","L",7,11,18,27
"Jamie Benn","DAL","L",4,9,13,20
"Steven Kampfer","BOS","D",0,0,0,2
"Nick Bonino","MIN","C",3,3,6,25
"Ian Cole","COL, MIN","D",1,2,3,24
"Justin Braun","PHI","D",0,3,3,23
"Kevin Shattenkirk","ANA","D",2,10,12,29
"Pat Maroon","T.B","L",3,5,8,27
"James van Riemsdyk","PHI","L",13,16,29,26
"Paul Byron","MTL","L",2,5,7,27
"Sam Gagner","DET","C",4,5,9,21
"Logan Couture","S.J","C",13,9,22,26
"P.K. Subban","N.J","D",2,10,12,25
"Riley Nash","CBJ","C",2,4,6,29
"Kyle Turris","EDM","C",1,3,4,21
"Brendan Smith","NYR","D",2,3,5,20
"Brandon Sutter","VAN","C",6,2,8,32
"Colton Sceviour","PIT","C",2,1,3,20
"David Perron","STL","L",11,18,29,28
"Carl Gunnarsson","STL","D",0,2,2,12
"Yannick Weber","PIT","D",0,0,0,2
"Patrick Kane","CHI","R",12,30,42,30
"Robert Bortuzzo","STL","D",0,2,2,18
"Evgenii Dadonov","OTT","R",9,2,11,32
"Mikael Backlund","CGY","C",5,10,15,28
"Ryan McDonagh","T.B","D",2,6,8,27
"Max Pacioretty","VGK","L",14,13,27,26
"Jakub Voracek","PHI","R",4,17,21,23
"Jake Muzzin","TOR","D",2,12,14,28
"Alec Martinez","VGK","D",2,11,13,26
"Carl Hagelin","WSH","L",3,5,8,28
"Lars Eller","WSH","C",5,7,12,22
"Wayne Simmonds","TOR","R",5,0,5,12
"Nick Holden","VGK","D",0,0,0,11
"Jason Demers","ARI","D",0,2,2,20
"Micheal Haley","OTT","L",0,0,0,4
"Jay Beagle","VAN","C",1,4,5,30
"Drew Doughty","L.A","D",6,16,22,27
"Steven Stamkos","T.B","C",13,13,26,25
"Alex Pietrangelo","VGK","D",2,8,10,18
"Zach Bogosian","TOR","D",0,2,2,29
"Luke Schenn","T.B","D",0,1,1,17
"Josh Bailey","NYI","R",3,12,15,29
"Tyler Myers","VAN","D",4,10,14,32
"Erik Karlsson","S.J","D",2,7,9,22
"Luca Sbisa","NSH","D",0,0,0,1
"Jake Gardiner","CAR","D",0,7,7,17
"Michael Del Zotto","CBJ","D",2,5,7,29
"Jordan Eberle","NYI","R",9,10,19,29
"Tyler Ennis","EDM","C",3,6,9,22
"John Carlson","WSH","D",6,18,24,28
"Roman Josi","NSH","D",2,14,16,25
"Justin Schultz","WSH","D",2,10,12,24
"Travis Hamonic","VAN","D",0,2,2,14
"Derek Stepan","OTT","C",1,5,6,20
"Marco Scandella","STL","D",2,2,4,21
"Adam Henrique","ANA","C",6,4,10,25
"TJ Brodie","TOR","D",0,10,10,30
"Derek Grant","ANA","C",0,4,4,22
"Matt Calvert","COL","L",0,1,1,13
"Greg Pateryn","COL, MIN","D",0,2,2,10
"Mark Borowiecki","NSH","D",0,1,1,22
"Matt Martin","NYI","L",5,4,9,29
"Cam Atkinson","CBJ","R",11,10,21,30
"Jared Spurgeon","MIN","D",0,5,5,25
"Zac Rinaldo","CGY","C",0,0,0,2
"Matt Bartkowski","MIN","D",0,0,0,1
"Jordie Benn","VAN","D",1,7,8,26
"Antoine Roussel","VAN","L",1,2,3,29
"Tyler Johnson","T.B","C",6,8,14,26
"Mike Hoffman","STL","C",7,12,19,27
"Tyler Bozak","STL","C",0,2,2,7
"Marcus Johansson","MIN","C",2,1,3,11
"Kyle Palmieri","N.J","R",4,8,12,24
"Ryan O'Reilly","STL","C",9,18,27,28
"Kyle Clifford","STL","L",3,1,4,26
"Alex Chiasson","EDM","R",5,4,9,23
"Jakob Silfverberg","ANA","R",6,5,11,29
"John Tavares","TOR","C",9,17,26,30
"Victor Hedman","T.B","D",5,21,26,27
"Matt Duchene","NSH","C",3,5,8,23
"Evander Kane","S.J","L",11,12,23,26
"Brayden Schenn","STL","C",12,12,24,28
"Oliver Ekman-Larsson","ARI","D",0,11,11,18
"Nazem Kadri","COL","C",7,13,20,26
"Ryan Ellis","NSH","D",2,7,9,21
"Calvin de Haan","CHI","D",1,6,7,29
"Zack Kassian","EDM","R",1,2,3,13
"Dmitry Kulikov","N.J","D",0,2,2,24
"Nick Leddy","NYI","D",1,17,18,29
"Chris Kreider","NYR","L",14,5,19,27
"John Moore","BOS","D",0,2,2,5
"Brayden McNabb","VGK","D",0,1,1,11
"Reilly Smith","VGK","R",6,5,11,26
"Tomas Tatar","MTL","L",5,11,16,27
"Tyson Barrie","EDM","D",4,20,24,31
"Dmitry Orlov","WSH","D",3,1,4,23
"Brandon Pirri","CHI","C",0,0,0,1
"Brian Dumoulin","PIT","D",0,4,4,13
"Richard Panik","WSH","R",3,6,9,28
"Drew Shore","CAR","C",0,0,0,1
"Mattias Ekholm","NSH","D",5,7,12,22
"Marcus Foligno","MIN","L",7,9,16,23
"Sami Vatanen","N.J","D",0,2,2,15
"Craig Smith","BOS","C",4,5,9,25
"Casey Cizikas","NYI","C",4,7,11,29
"David Savard","CBJ","D",0,5,5,29
"Nicolas Deslauriers","ANA","L",3,3,6,25
"Cody Eakin","BUF","C",1,3,4,26
"Kevin Connauton","FLA","D",0,1,1,5
"Byron Froese","CGY","C",1,0,1,6
"Ben Chiarot","MTL","D",1,4,5,25
"Erik Haula","NSH","L",3,6,9,25
"Anders Lee","NYI","L",12,7,19,27
"Nick Jensen","WSH","D",2,10,12,25
"Nic Dowd","WSH","C",6,2,8,28
"Justin Dowling","DAL","C",1,3,4,11
"Brenden Dillon","WSH","D",1,7,8,28
"Andrew Agozzino","ANA","L",0,0,0,1
"Radko Gudas","FLA","D",0,5,5,27
"Nate Prosser","PHI","D",1,0,1,4
"Matt Irwin","BUF","D",0,2,2,14
"Christopher Tanev","CGY","D",1,3,4,29
"Mats Zuccarello","MIN","R",4,14,18,15
"Calle Jarnkrok","NSH","C",7,6,13,23
"Justin Holl","TOR","D",1,9,10,30
"Jason Zucker","PIT","L",4,3,7,17
"Tyler Toffoli","MTL","C",17,9,26,28
"Johan Larsson","ARI","L",4,1,5,26
"Mark Alt","L.A","D",0,0,0,2
"Greg McKegg","BOS","C",0,0,0,1
"Evgeny Kuznetsov","WSH","C",3,8,11,18
"Charlie Coyle","BOS","C",5,3,8,25
"Patrik Nemeth","DET","D",2,2,4,28
"Jon Merrill","DET","D",0,4,4,23
"Tyler Pitlick","ARI","C",6,3,9,28
"Justin Faulk","STL","D",5,8,13,28
"Brock Nelson","NYI","C",12,5,17,29
"Nick Bjugstad","MIN","C",4,7,11,26
"Derek Forbort","WPG","D",1,5,6,28
"Kevin Hayes","PHI","C",9,11,20,26
"Cam Fowler","ANA","D",2,11,13,29
"Vladimir Tarasenko","STL","R",1,3,4,4
"Austin Watson","OTT","L",3,6,9,32
"Jaden Schwartz","STL","L",2,7,9,14
"Riley Sheahan","BUF","C",3,2,5,26
"Chris Wagner","BOS","R",2,1,3,23
"Jeff Skinner","BUF","L",1,1,2,24
"Zach Hyman","TOR","L",10,9,19,28
"Erik Gudbranson","OTT","D",1,2,3,32
"Taylor Hall","BUF","L",2,14,16,27
"Brett Connolly","FLA","R",1,2,3,16
"Ryan Johansen","NSH","C",2,7,9,21
"Mark Pysyk","DAL","D",1,0,1,20
"Jarred Tinordi","BOS, NSH","D",0,0,0,14
"Mikael Granlund","NSH","C",5,5,10,26
"Nino Niederreiter","CAR","R",12,6,18,27
"Joakim Nordstrom","CGY","C",0,0,0,23
"Michael Chaput","ARI","C",0,0,0,9
"Bryan Rust","PIT","R",9,11,20,28
"Joonas Donskoi","COL","R",7,7,14,26
"Jani Hakanpaa","ANA","D",0,1,1,29
"Marcus Sorensen","S.J","L",1,1,2,15
"Kenny Agostino","TOR","L",0,0,0,1
"Brendan Gallagher","MTL","R",10,6,16,28
"Jesper Fast","CAR","R",3,7,10,22
"Anthony Bitetto","NYR","D",1,2,3,9
"Brandon Davidson","BUF","D",0,0,0,5
"John Klingberg","DAL","D",5,12,17,23
"Mark Stone","VGK","R",10,23,33,25
"Michael Sgarbossa","WSH","C",0,2,2,5
"Kevan Miller","BOS","D",0,2,2,15
"Colin Blackwell","NYR","C",6,4,10,18
"Matthew Peca","OTT","C",0,1,1,5
"Ryan Dzingel","CAR, OTT","C, L",5,2,7,18
"Ondrej Palat","T.B","L",11,15,26,27
"Nikita Nesterov","CGY","D",0,1,1,21
"Josh Manson","ANA","D",0,0,0,6
"Max McCormick","CAR","L",0,0,0,2
"Josh Archibald","EDM","R",5,2,7,27
"Travis Boyd","TOR","C",3,5,8,20
"Dylan DeMelo","WPG","D",0,4,4,24
"Johnny Gaudreau","CGY","L",11,12,23,29
"Tobias Rieder","BUF","L",4,0,4,24
"Fredrik Claesson","S.J","D",0,0,0,4
"Sean Kuraly","BOS","C",2,2,4,24
"Andrew Shaw","CHI","R",2,2,4,14
"Vincent Trocheck","CAR","C",13,11,24,24
"Adam Lowry","WPG","C",5,10,15,28
"Nick Cousins","NSH","C",3,6,9,28
"Steven Fogarty","BUF","C",0,0,0,1
"Blake Coleman","T.B","C",6,7,13,26
"Andy Andreoff","PHI","C",0,0,0,5
"Andy Welinski","ANA","D",0,0,0,3
"Josh Leivo","CGY","L",3,2,5,23
"Kyle Rau","MIN","C",0,1,1,7
"Jean-Gabriel Pageau","NYI","C",9,8,17,28
"Mike Reilly","OTT","D",0,11,11,30
"Rocco Grimaldi","NSH","R",3,1,4,21
"Scott Mayfield","NYI","D",2,6,8,29
"Boone Jenner","CBJ","C",8,7,15,30
"Victor Rask","MIN","C",6,5,11,24
"Brandon Saad","COL","L",9,7,16,25
"Brett Ritchie","CGY","R",1,2,3,8
"Joel Edmundson","MTL","D",1,7,8,28
"Matt Nieto","S.J","L",4,2,6,26
"Xavier Ouellet","MTL","D",0,0,0,1
"William Karlsson","VGK","C",6,12,18,26
"Scott Harrington","CBJ","D",1,2,3,6
"Ryan Nugent-Hopkins","EDM","C",10,13,23,31
"Gabriel Landeskog","COL","L",7,10,17,24
"Jonathan Huberdeau","FLA","L",10,24,34,28
"Adam Larsson","EDM","D",3,4,7,31
"Ryan Strome","NYR","C",10,10,20,27
"Mika Zibanejad","NYR","C",3,8,11,27
"Mark Scheifele","WPG","C",12,25,37,28
"Sean Couturier","PHI","C",6,13,19,16
"Dougie Hamilton","CAR","D",3,18,21,27
"Jonas Brodin","MIN","D",5,9,14,24
"Jamie Oleksiak","DAL","D",3,3,6,24
"J.T. Miller","VAN","C",8,19,27,29
"Joel Armia","MTL","R",5,5,10,21
"Nathan Beaulieu","WPG","D",0,1,1,25
"Connor Murphy","CHI","D",2,5,7,24
"Stefan Noesen","S.J","R",0,0,0,5
"Phillip Danault","MTL","C",1,10,11,28
"Vladislav Namestnikov","DET","C",5,5,10,27
"Rickard Rakell","ANA","L",6,13,19,29
"Colin Miller","BUF","D",3,3,6,25
"Jonathan Marchessault","VGK","C",8,11,19,26
"Kurtis Gabriel","S.J","R",0,0,0,7
"Barclay Goodrow","T.B","C",5,5,10,27
"Brad Hunt","MIN","D",1,0,1,7
"Torey Krug","STL","D",1,14,15,28
"Matt Tennyson","N.J","D",0,1,1,10
"Luke Glendening","DET","C",3,6,9,27
"Yanni Gourde","T.B","C",8,8,16,27
"Ryan Murray","N.J","D",0,3,3,17
"Alex Galchenyuk","OTT","C, L",1,0,1,8
"Morgan Rielly","TOR","D",3,20,23,30
"Hampus Lindholm","ANA","D",2,4,6,18
"Matt Dumba","MIN","D",5,6,11,24
"Phillip Di Giuseppe","NYR","L",1,6,7,23
"Brady Skjei","CAR","D",0,3,3,27
"Stefan Matteau","CBJ","C",0,0,0,1
"Tanner Pearson","VAN","L",6,5,11,32
"Scott Laughton","PHI","C",7,8,15,23
"Mark Jankowski","PIT","C",2,2,4,25
"Olli Maatta","L.A","D",0,1,1,21
"Mike Matheson","PIT","D",2,2,4,20
"Cody Ceci","PIT","D",2,4,6,25
"Tom Wilson","WSH","R",7,10,17,21
"Tomas Hertl","S.J","C",7,7,14,20
"Teuvo Teravainen","CAR","L",2,7,9,13
"Jacob Trouba","NYR","D",0,5,5,19
"Slater Koekkoek","EDM","D",1,0,1,17
"Filip Forsberg","NSH","L",10,17,27,29
"Mikhail Grigorenko","CBJ","C",2,5,7,18
"Radek Faksa","DAL","C",3,5,8,24
"Matt Grzelcyk","BOS","D",1,6,7,13
"Colton Parayko","STL","D",1,7,8,16
"Oskar Sundqvist","STL","C",4,5,9,26
"Esa Lindell","DAL","D",3,2,5,24
"Chandler Stephenson","VGK","C",7,11,18,25
"Shayne Gostisbehere","PHI","D",5,3,8,20
"Mackenzie MacEachern","STL","L",1,1,2,17
"Devin Shore","EDM","C",1,4,5,17
"Jujhar Khaira","EDM","L",3,5,8,22
"Adam Pelech","NYI","D",2,6,8,29
"Jimmy Vesey","TOR","L",5,2,7,30
"Chris Tierney","OTT","C",3,8,11,32
"Jordan Martinook","CAR","L",1,6,7,24
"Damon Severson","N.J","D",2,7,9,25
"Martin Frk","L.A","R",0,0,0,1
"Colton Sissons","NSH","C",4,0,4,29
"Teddy Blueger","PIT","C",4,11,15,28
"Jake McCabe","BUF","D",1,2,3,13
"Brock McGinn","CAR","L",8,5,13,27
"Connor Carrick","N.J","D",0,0,0,1
"Jaccob Slavin","CAR","D",1,8,9,24
"Andreas Athanasiou","L.A","C",6,5,11,19
"Gemel Smith","T.B","C",0,3,3,4
"Brett Kulak","MTL","D",0,4,4,24
"Cedric Paquette","CAR, OTT","C",2,2,4,24
"Erik Gustafsson","PHI","D",1,9,10,18
"Josh Anderson","MTL","R",11,5,16,25
"Matthew Benning","NSH","D",1,1,2,28
"Vinnie Hinostroza","FLA","C",0,0,0,7
"Connor Brown","OTT","R",6,8,14,32
"Ben Hutton","ANA","D",1,1,2,23
"Alexander Kerfoot","TOR","C",4,9,13,30
"Nikita Gusev","N.J","L",2,3,5,15
"Christian Djoos","DET","D",2,4,6,25
"Kurtis MacDermid","L.A","D",2,2,4,16
"Jayson Megna","COL","C",0,0,0,4
"Buddy Robinson","CGY","R",0,0,0,4
"Danny DeKeyser","DET","D",1,2,3,20
"Nate Schmidt","VAN","D",3,6,9,32
"Carter Rowney","ANA","C",0,6,6,19
"Chad Ruhwedel","PIT","D",0,2,2,15
"Michael Raffl","PHI","L",3,4,7,22
"Brian Pinho","WSH","C",0,0,0,2
"Anton Blidh","BOS","L",0,0,0,2
"Dominik Kubalik","CHI","L",10,13,23,30
"Andreas Johnsson","N.J","L",3,4,7,25
"MacKenzie Weegar","FLA","D",2,15,17,28
"Tyler Motte","VAN","C",5,1,6,15
"Will Butcher","N.J","D",1,2,3,8
"Tucker Poolman","WPG","D",0,0,0,14
"Connor Clifton","BOS","D",0,3,3,19
"Luke Johnson","MIN","C",0,0,0,4
"Carson Soucy","MIN","D",1,6,7,21
"Jonny Brodzinski","NYR","C",1,0,1,4
"Josh Brown","OTT","D",0,0,0,10
"Sean Malone","NSH","C",0,1,1,1
"Hudson Fasching","ARI","R",0,0,0,1
"John Hayden","ARI","C",0,0,0,12
"Pavel Buchnevich","NYR","R",8,14,22,26
"Jake Guentzel","PIT","L",11,15,26,28
"Mattias Janmark","CHI","C",9,7,16,30
"Anthony Duclair","FLA","L",2,10,12,21
"Carter Verhaeghe","FLA","C",11,11,22,28
"Oliver Bjorkstrand","CBJ","R",10,13,23,30
"Miles Wood","N.J","L",8,4,12,25
"Nick Paul","OTT","L",3,8,11,32
"Andrew Copp","WPG","C",5,14,19,28
"Ben Harpur","NSH","D",0,0,0,10
"Ryan Graves","COL","D",0,5,5,25
"Andre Burakovsky","COL","L",6,11,17,23
"Michael McCarron","NSH","R",0,0,0,4
"Shea Theodore","VGK","D",4,15,19,23
"Jason Dickinson","DAL","C",4,4,8,24
"Ryan Hartman","MIN","R",3,6,9,21
"Adam Erne","DET","L",3,4,7,21
"Jacob de la Rose","STL","L",0,1,1,9
"J.T. Compher","COL","L",2,2,4,21
"Robert Hagg","PHI","D",1,1,2,20
"Nic Petan","TOR","C",0,1,1,7
"Justin Bailey","VAN","R",0,0,0,3
"Madison Bowey","CHI","D",0,1,1,2
"Artturi Lehkonen","MTL","L",2,2,4,21
"William Carrier","VGK","L",0,2,2,22
"Tyler Bertuzzi","DET","L",5,2,7,9
"Zach Sanford","STL","L",8,4,12,27
"Brett Pesce","CAR","D",3,11,14,27
"Nathan MacKinnon","COL","C",7,17,24,22
"Aleksander Barkov","FLA","C",12,22,34,28
"Jonathan Drouin","MTL","L",2,17,19,28
"Seth Jones","CBJ","D",1,13,14,30
"Elias Lindholm","CGY","C",7,19,26,29
"Sean Monahan","CGY","C",7,13,20,27
"Darnell Nurse","EDM","D",8,12,20,31
"Rasmus Ristolainen","BUF","D",3,5,8,20
"Bo Horvat","VAN","C",12,10,22,32
"Valeri Nichushkin","COL","R",5,4,9,26
"Samuel Morin","PHI","L",0,0,0,4
"Max Domi","CBJ","C",5,6,11,30
"Josh Morrissey","WPG","D",1,12,13,28
"Alex Wennberg","FLA","C",6,7,13,28
"Ryan Pulock","NYI","D",0,12,12,29
"Nikita Zadorov","CHI","D",1,5,6,30
"Curtis Lazar","BUF","C",4,3,7,25
"Anthony Mantha","DET","R",8,6,14,28
"Frederik Gauthier","ARI","C",0,0,0,2
"Ross Johnston","NYI","L",0,0,0,6
"Dakota Mermis","MIN","D",0,0,0,2
"Philippe Maillet","WSH","C",0,0,0,1
"Nathan Walker","STL","L",1,0,1,6
"Josh Currie","PIT","R",0,0,0,1
"Joel Hanley","DAL","D",0,1,1,12
"Kevin Czuczman","PIT","D",0,0,0,2
"Conor Sheary","WSH","L",6,4,10,25
"Trevor van Riemsdyk","WSH","D",1,0,1,8
"Ryan Carpenter","CHI","C",4,0,4,22
"Jordan Oesterle","ARI","D",1,10,11,28
"Patrick Brown","VGK","C",0,0,0,2
"Daniel Carr","WSH","L",0,1,1,3
"Garnet Hathaway","WSH","R",4,6,10,28
"Pierre-Edouard Bellemare","COL","C",1,0,1,23
"Tomas Nosek","VGK","L",2,1,3,18
"Aaron Ekblad","FLA","D",10,10,20,28
"Sam Reinhart","BUF","R",11,8,19,25
"Leon Draisaitl","EDM","C",17,29,46,31
"Sam Bennett","CGY","C",3,3,6,26
"Michael Dal Colle","NYI","L",0,2,2,16
"Jake Virtanen","VAN","R",3,0,3,27
"Haydn Fleury","CAR","D",0,0,0,23
"William Nylander","TOR","R",12,12,24,30
"Nikolaj Ehlers","WPG","L",14,15,29,28
"Nick Ritchie","BOS","L",8,7,15,26
"Kevin Fiala","MIN","L",9,4,13,23
"Jakub Vrana","WSH","L",10,10,20,27
"Dylan Larkin","DET","C",6,8,14,25
"Sonny Milano","ANA","L",0,0,0,6
"Travis Sanheim","PHI","D",1,8,9,25
"Alex Tuch","VGK","R",13,7,20,26
"Tony DeAngelo","NYR","D",0,1,1,6
"Nick Schmaltz","ARI","C",7,9,16,28
"Robby Fabbri","DET","C",5,6,11,20
"Kasperi Kapanen","PIT","R",7,12,19,25
"Jared McCann","PIT","C",5,5,10,17
"David Pastrnak","BOS","R",12,11,23,19
"Adrian Kempe","L.A","C",11,8,19,27
"Brendan Lemieux","NYR","L",1,4,5,25
"Jayce Hawryluk","VAN","C",1,0,1,7
"Ivan Barbashev","STL","C",2,4,6,17
"Marcus Pettersson","PIT","D",1,1,2,19
"Nicolas Aube-Kubel","PHI","R",2,5,7,25
"Brandon Montour","BUF","D",1,4,5,25
"Ryan Donato","S.J","C",3,9,12,26
"Christian Dvorak","ARI","C",9,8,17,28
"Juho Lammikko","FLA","C",3,0,3,22
"Warren Foegele","CAR","L",5,5,10,24
"Brayden Point","T.B","C",10,15,25,27
"Louie Belpedio","MIN","D",0,0,0,1
"Jake Walman","STL","D",0,0,0,2
"Mark Friedman","PHI, PIT","D",1,1,2,6
"Michael Amadio","L.A","C",0,2,2,20
"William Lagesson","EDM","D",0,2,2,12
"Lucas Wallmark","CHI","C",0,3,3,15
"Devon Toews","COL","D",4,9,13,23
"Austin Poganski","STL","R",0,0,0,5
"Viktor Arvidsson","NSH","R",4,10,14,29
"Sam Lafferty","PIT","C",0,1,1,17
"Danton Heinen","ANA","L",3,3,6,20
"Gustav Forsling","FLA","D",1,3,4,15
"Clark Bishop","OTT","C",0,1,1,3
"Dakota Joshua","STL","C",1,0,1,7
"Oskar Lindblom","PHI","L",2,5,7,23
"Anthony Angello","PIT","C",1,0,1,9
"Anders Bjork","BOS","L",1,2,3,24
"Kevin Labanc","S.J","R",7,10,17,26
"Sammy Blais","STL","L",3,4,7,18
"Victor Olofsson","BUF","L",8,11,19,27
"Pierre Engvall","TOR","L",2,4,6,21
"Ondrej Kase","BOS","R",0,0,0,2
"Jake Evans","MTL","C",2,3,5,26
"Jacob Middleton","S.J","D",0,0,0,1
"Matthew Highmore","CHI","C",0,2,2,21
"Dryden Hunt","ARI","L",1,1,2,7
"Andrew Mangiapane","CGY","L",9,7,16,29
"Frank Vatrano","FLA","C",10,3,13,28
"Noah Hanifin","CGY","D",3,3,6,29
"Rasmus Andersson","CGY","D",3,11,14,29
"Kyle Connor","WPG","L",14,13,27,28
"Jonas Siegenthaler","WSH","D",0,0,0,7
"Colin White","OTT","C",8,6,14,27
"Pavel Zacha","N.J","C",7,10,17,25
"Connor McDavid","EDM","C",17,36,53,31
"Jack Eichel","BUF","C",2,16,18,21
"Vince Dunn","STL","D",3,6,9,27
"Travis Dermott","TOR","D",1,0,1,26
"Jordan Greenway","MIN","L",5,14,19,26
"Timo Meier","S.J","R",6,12,18,24
"Jakub Zboril","BOS","D",0,4,4,24
"Erik Cernak","T.B","D",1,8,9,24
"Mikko Rantanen","COL","R",13,15,28,26
"Jansen Harkins","WPG","C",0,0,0,12
"Sebastian Aho","CAR","C",10,15,25,27
"Oliver Kylington","CGY","D",0,1,1,5
"Evgeny Svechnikov","DET","R",2,2,4,4
"Christian Fischer","ARI","R",0,1,1,24
"Keegan Kolesar","VGK","R",0,3,3,22
"David Kase","PHI","R",0,0,0,1
"Travis Konecny","PHI","R",7,8,15,20
"Dylan Strome","CHI","C",4,4,8,19
"Brandon Carlo","BOS","D",2,1,3,21
"Brock Boeser","VAN","R",14,15,29,32
"Mathew Barzal","NYI","C",9,15,24,29
"Glenn Gawdin","CGY","C",0,0,0,5
"Nicholas Merkley","N.J","R",1,2,3,5
"Roope Hintz","DAL","L",7,8,15,17
"Ethan Bear","EDM","D",0,3,3,19
"Caleb Jones","EDM","D",0,1,1,16
"Noah Juulsen","FLA","D",0,0,0,4
"Austin Wagner","L.A","L",3,3,6,20
"Jack Roslovic","CBJ","C",5,14,19,23
"Zach Werenski","CBJ","D",3,9,12,23
"Nicolas Roy","VGK","C",1,3,4,24
"Anthony Beauvillier","NYI","L",2,4,6,20
"Daniel Sprong","WSH","R",6,2,8,17
"Nicolas Meloche","S.J","D",0,1,1,5
"Jeremy Lauzon","BOS","D",0,3,3,16
"Thomas Chabot","OTT","D",4,16,20,29
"Mathieu Joseph","T.B","R",6,4,10,27
"Lawson Crouse","ARI","L",1,2,3,25
"Kyle Capobianco","ARI","D",0,0,0,2
"Mitchell Stephens","T.B","C",0,1,1,4
"Mitchell Marner","TOR","R",11,28,39,30
"Zach Senyshyn","BOS","R",0,0,0,1
"Filip Chlapik","OTT","C",0,0,0,1
"Jacob Larsson","ANA","D",0,3,3,29
"Joel Eriksson Ek","MIN","C",11,5,16,26
"Denis Gurianov","DAL","R",5,9,14,24
"Jake DeBrusk","BOS","L",2,4,6,19
"Ivan Provorov","PHI","D",4,10,14,26
"Dennis Gilbert","COL","D",0,0,0,3
"Gabriel Carlsson","CBJ","D",1,2,3,10
"John Marino","PIT","D",1,3,4,25
"Yakov Trenin","NSH","C",2,2,4,18
"Austin Czarnik","NYI","C",0,0,0,3
"Anthony Cirelli","T.B","C",8,9,17,21
"Tanner Kero","DAL","C",0,2,2,11
"Evan Rodrigues","PIT","C",2,2,4,12
"Artemi Panarin","NYR","L",6,16,22,16
"Dean Kukan","CBJ","D",1,3,4,18
"Noel Acciari","FLA","C",3,3,6,20
"Derek Ryan","CGY","C",1,4,5,16
"Kevin Stenlund","CBJ","C",4,3,7,19
"William Borgen","BUF","D",0,0,0,4
"Christian Wolanin","OTT","D",0,2,2,12
"Alexandre Carrier","NSH","D",1,0,1,6
"Conor Garland","ARI","R",8,14,22,27
"Dmytro Timashov","NYI","L",0,0,0,1
"Niko Mikkola","STL","D",1,0,1,18
"Kirill Kaprizov","MIN","L",10,14,24,26
"Dominik Simon","CGY","C",0,0,0,9
"Rudolfs Balcers","S.J","L",2,5,7,14
"Troy Terry","ANA","R",4,3,7,22
"Adam Gaudette","VAN","C",3,3,6,28
"Vladislav Gavrikov","CBJ","D",1,5,6,29
"Mason Appleton","WPG","C",8,7,15,28
"Steven Lorentz","CAR","C",1,1,2,16
"Markus Nutivaara","FLA","D",0,3,3,9
"Matt Roy","L.A","D",0,6,6,22
"Sami Niku","WPG","D",0,0,0,6
"Jalen Chatfield","VAN","D",0,0,0,9
"Mason Marchment","FLA","L",2,4,6,11
"Adam Brooks","TOR","C",1,0,1,1
"Philippe Myers","PHI","D",0,5,5,18
"Ryan Lomberg","FLA","L",1,1,2,18
"Dan Renouf","COL","D",0,3,3,9
"Kevin Rooney","NYR","C",5,3,8,25
"Brandon Tanev","PIT","L",6,7,13,28
"Matthew Tkachuk","CGY","L",7,15,22,29
"Joey Anderson","TOR","R",0,0,0,1
"Luke Kunin","NSH","C",2,3,5,17
"Auston Matthews","TOR","C",21,15,36,27
"Adam Fox","NYR","D",2,13,15,26
"Ryan Lindgren","NYR","D",0,9,9,27
"Charlie McAvoy","BOS","D",3,14,17,26
"Julien Gauthier","NYR","R",2,4,6,20
"Frederic Allard","NSH","D",0,0,0,1
"Libor Hajek","NYR","D",1,0,1,17
"Rasmus Asplund","BUF","C",1,0,1,5
"Carl Grundstrom","L.A","R",3,3,6,25
"Alex DeBrincat","CHI","L",15,14,29,26
"Patrik Laine","CBJ, WPG","R",9,6,15,21
"Clayton Keller","ARI","R",8,13,21,28
"Jesse Puljujarvi","EDM","R",7,3,10,30
"Jakob Chychrun","ARI","D",7,12,19,28
"Dillon Dube","CGY","C",7,7,14,26
"Kale Clague","L.A","D",0,3,3,11
"Sam Steel","ANA","C",3,6,9,27
"Brett Howden","NYR","C",0,3,3,26
"Olli Juolevi","VAN","D",1,0,1,15
"Kieffer Bellows","NYI","L",3,0,3,10
"Carsen Twarynski","PHI","L",0,0,0,1
"Trent Frederic","BOS","C",3,1,4,26
"Max Jones","ANA","L",4,1,5,19
"Andrew Peeke","CBJ","D",0,2,2,6
"Tyson Jost","COL","C",1,2,3,24
"Dante Fabbro","NSH","D",2,8,10,27
"Josh Mahura","ANA","D",1,2,3,10
"Victor Mete","MTL","D",0,0,0,7
"Logan Stanley","WPG","D",0,1,1,16
"Givani Smith","DET","R",1,3,4,8
"Nick Caamano","DAL","R",0,1,1,19
"Connor Bunnaman","PHI","C",0,1,1,16
"Jordan Kyrou","STL","C",8,13,21,28
"Riley Stillman","FLA","D",0,0,0,1
"Noah Gregor","S.J","C",3,0,3,15
"Samuel Girard","COL","D",4,15,19,24
"Pierre-Luc Dubois","CBJ, WPG","C, L",5,3,8,18
"Jake Bean","CAR","D",1,8,9,17
"Jesper Bratt","N.J","L",1,9,10,19
"Mikhail Sergachev","T.B","D",2,17,19,27
"Nathan Bastian","N.J","R",2,4,6,25
"Michael McLeod","N.J","C",3,2,5,21
"Tage Thompson","BUF","R",1,1,2,12
"Filip Hronek","DET","D",0,15,15,29
"Jacob MacDonald","COL","D",1,0,1,14
"Troy Stecher","DET","D",1,4,5,21
"Nikita Zaitsev","OTT","D",0,11,11,32
"Tarmo Reunanen","NYR","D",0,1,1,1
"Drake Caggiula","ARI","C",1,6,7,21
"Patrick Russell","EDM","R",0,2,2,7
"Janne Kuokkanen","N.J","L",5,6,11,18
"Rem Pitlick","NSH","C",0,0,0,3
"Lucas Carlsson","CHI","D",0,1,1,12
"Ross Colton","T.B","C",1,0,1,3
"Brandon Hagel","CHI","L",3,7,10,27
"Joachim Blichfeld","S.J","R",0,0,0,2
"Mikhail Maltsev","N.J","L",4,0,4,13
"Dylan Gambrell","S.J","C",1,4,5,22
"Rhett Gardner","DAL","C",0,1,1,6
"Jeremy Davies","NSH","D",0,0,0,4
"Dylan Coghlan","VGK","D",3,2,5,15
"Matt Luff","L.A","R",1,0,1,10
"Tanner Jeannot","NSH","L",0,0,0,1
"Mathieu Olivier","NSH","R",1,2,3,17
"Trevor Moore","L.A","C",2,7,9,27
"Alex Barre-Boulet","T.B","C",0,0,0,2
"Zack MacEwen","VAN","C",1,0,1,17
"Gerald Mayhew","MIN","C",0,1,1,4
"Zach Aston-Reese","PIT","C",5,1,6,17
"Vinni Lettieri","ANA","C",0,0,0,5
"Nolan Patrick","PHI","C",3,3,6,26
"Juuso Valimaki","CGY","D",1,6,7,29
"Kailer Yamamoto","EDM","R",7,9,16,31
"Nicolas Hague","VGK","D",2,7,9,23
"Conor Timmins","COL","D",0,0,0,17
"Mario Ferraro","S.J","D",0,8,8,26
"Callan Foote","T.B","D",1,0,1,20
"Morgan Geekie","CAR","C",2,0,2,11
"Michael Rasmussen","DET","C",0,3,3,13
"Jaret Anderson-Dolan","L.A","C",3,2,5,6
"Cody Glass","VGK","C",3,6,9,21
"Mikey Anderson","L.A","D",0,6,6,25
"Casey Mittelstadt","BUF","C",1,3,4,12
"Urho Vaakanainen","BOS","D",0,2,2,8
"Nico Hischier","N.J","C",2,1,3,5
"Jesper Boqvist","N.J","C",0,0,0,3
"Kristian Vesalainen","WPG","L",0,1,1,8
"Eeli Tolvanen","NSH","R",6,3,9,20
"Elias Pettersson","VAN","C",10,11,21,26
"Gabriel Vilardi","L.A","C",6,6,12,27
"Owen Tippett","FLA","R",4,3,7,19
"Nick Suzuki","MTL","C",5,13,18,28
"Jack Studnicka","BOS","C",1,2,3,16
"Robert Thomas","STL","C",1,5,6,12
"Jason Robertson","DAL","L",4,9,13,19
"Morgan Frost","PHI","C",0,0,0,2
"Max Comtois","ANA","L",9,10,19,29
"Henri Jokiharju","BUF","D",1,1,2,18
"Miro Heiskanen","DAL","D",2,11,13,24
"Aleksi Heponiemi","FLA","C",1,0,1,3
"Martin Necas","CAR","C",5,14,19,24
"Alexander Chmelevski","S.J","C",0,1,1,2
"Pierre-Olivier Joseph","PIT","D",1,4,5,16
"Josh Norris","OTT","C",6,10,16,32
"Cale Makar","COL","D",1,13,14,15
"Ian Mitchell","CHI","D",2,2,4,28
"Lias Andersson","L.A","C",1,0,1,11
"Erik Brannstrom","OTT","D",2,3,5,14
"Alexandre Texier","CBJ","C",4,5,9,30
"Filip Chytil","NYR","C",3,4,7,13
"Alex Iafallo","L.A","L",6,11,17,26
"David Kampf","CHI","C",0,8,8,30
"Neal Pionk","WPG","D",3,20,23,28
"Andreas Borgman","T.B","D",0,0,0,1
"Radim Simek","S.J","D",1,2,3,20
"Jan Rutta","T.B","D",0,6,6,25
"Eetu Luostarinen","FLA","C",3,5,8,28
"Alexander Volkov","T.B","R",3,2,5,18
"Jacob Bryson","BUF","D",1,0,1,11
"Maksim Sushko","PHI","R",0,0,0,2
"Emil Bemstrom","CBJ","C",0,2,2,15
"Drake Batherson","OTT","R",11,10,21,32
"Sebastian Aho","NYI","D",0,1,1,1
"Wyatt Kalynuk","CHI","D",0,0,0,1
"Sheldon Dries","COL","C",0,0,0,3
"Sean Walker","L.A","D",0,3,3,18
"Alexander True","S.J","C",0,0,0,2
"Pius Suter","CHI","C",8,5,13,30
"Austin Strand","L.A","D",0,1,1,7
"Zach Whitecloud","VGK","D",2,4,6,26
"Kiefer Sherwood","COL","L",0,2,2,6
"Eric Robinson","CBJ","L",4,5,9,30
"Joel L'Esperance","DAL","C",0,0,0,5
"Sheldon Rempal","CAR","R",0,0,0,3
"Oliver Wahlstrom","NYI","R",5,5,10,22
"Joel Farabee","PHI","L",12,12,24,25
"Philipp Kurashev","CHI","C",7,4,11,29
"Quinn Hughes","VAN","D",2,23,25,32
"Brady Tkachuk","OTT","L",11,11,22,32
"Evan Bouchard","EDM","D",1,3,4,12
"Isac Lundestrom","ANA","C",5,2,7,22
"Nicolas Beaudin","CHI","D",2,3,5,12
"K'Andre Miller","NYR","D",2,5,7,24
"Filip Zadina","DET","R",3,8,11,22
"Martin Kaut","COL","R",0,0,0,1
"Jesperi Kotkaniemi","MTL","C",4,11,15,28
"Andrei Svechnikov","CAR","R",8,14,22,27
"Rasmus Dahlin","BUF","D",1,10,11,27
"Grigori Denisenko","FLA","L",0,0,0,2
"Rasmus Kupari","L.A","C",0,0,0,3
"Ty Dellandrea","DAL","C",1,2,3,15
"Barrett Hayton","ARI","C",2,1,3,14
"Liam Foudy","CBJ","C",0,3,3,12
"Noah Dobson","NYI","D",3,9,12,28
"Adam Boqvist","CHI","D",2,11,13,19
"Rasmus Sandin","TOR","D",0,1,1,1
"Ty Smith","N.J","D",2,11,13,25
"Calen Addison","MIN","D",0,0,0,3
"Karson Kuhlman","BOS","C",0,0,0,4
"Jordan Gross","ARI","D",0,0,0,3
"Par Lindholm","BOS","C",0,0,0,1
"Juuso Riikola","PIT","D",0,0,0,2
"Dominik Kahun","EDM","C",4,4,8,25
"Ilya Lyubushkin","ARI","D",0,0,0,14
"Alexander Romanov","MTL","D",1,4,5,27
"David Gustafsson","WPG","C",0,0,0,4
"Yegor Sharangovich","N.J","C",4,4,8,21
"John Leonard","S.J","L",3,4,7,20
"Reese Johnson","CHI","C",0,0,0,4
"Logan O'Connor","COL","R",3,0,3,15
"Taro Hirose","DET","L",0,2,2,6
"Nico Sturm","MIN","C",3,2,5,23
"Brogan Rafferty","VAN","D",0,1,1,1
"Blake Lizotte","L.A","C",2,2,4,21
"Joel Kellman","S.J","C",0,0,0,4
"Bowen Byram","COL","D",0,2,2,15
"Dylan Cozens","BUF","C",3,2,5,20
"Trevor Zegras","ANA","C",0,2,2,9
"Nils Hoglander","VAN","L",5,7,12,32
"Kaapo Kakko","NYR","R",2,2,4,20
"Jack Hughes","N.J","C",6,8,14,25
"Arthur Kaliyev","L.A","R",1,0,1,1
"Ville Heinola","WPG","D",0,0,0,1
"Connor McMichael","WSH","C",0,0,0,1
"Nicholas Robertson","TOR","L",0,0,0,1
"Victor Soderstrom","ARI","D",0,0,0,2
"Tobias Bjornfot","L.A","D",0,2,2,13
"Ilya Mikheyev","TOR","R",4,5,9,30
"Joakim Nygard","EDM","L",0,0,0,5
"Joel Kiviranta","DAL","L",3,4,7,15
"Nikolai Knyzhov","S.J","D",0,2,2,26
"Gaetan Haas","EDM","C",2,0,2,16
"Drew O'Connor","PIT","L",0,1,1,9
"Cole Smith","NSH","L",0,0,0,1
"Marc Michaelis","VAN","L",0,0,0,6
"Connor Mackey","CGY","D",0,1,1,3
"Alexis Lafrenière","NYR","L",4,3,7,27
"Tim Stützle","OTT","L",6,12,18,29
"Alexander Barabanov","TOR","L",0,0,0,11
"Mathias Brome","DET","L",1,0,1,24
"Artem Zub","OTT","D",2,5,7,23
"Mikko Lehtonen","TOR","D",0,3,3,9
"Fredrik Handemark","S.J","C",1,0,1,4
